    1         0.001827      1.268772
    2         0.101705      1.333333
    3         0.192448      1.420351
    4         0.277101      1.493333
    5         0.350183      1.538246
    6         0.402558      1.555088
    7         0.470767      1.549474
    8         0.552984      1.524211
    9         0.644945      1.468070
   10         0.728989      1.383860
   11         0.799026      1.288421
   12         0.862363      1.122807
   13         0.918392      0.929123
   14         0.953715      0.780351
   15         0.979903      0.645614
   16         1.000000      0.533333
