    1         -0.003891      1.270267
    2         0.041062      1.287635
    3         0.074410      1.313303
    4         0.122266      1.358808
    5         0.167688      1.404286
    6         0.230095      1.461196
    7         0.280441      1.495487
    8         0.333831      1.529812
    9         0.378742      1.555610
   10         0.418896      1.558872
   11         0.462135      1.553738
   12         0.512111      1.540247
   13         0.574357      1.507222
   14         0.663424      1.466067
   15         0.725880      1.390888
   16         0.780424      1.315619
   17         0.830281      1.203763
   18         0.863580      1.117014
   19         0.900047      1.005007
   20         0.938565      0.848057
   21         0.967841      0.713486
   22         0.998460      0.553636